 PDEW2010  8  3 22 30 23.80 -22.5600  171.5000  16.0 5.5 5.6 SOUTHEAST OF LOYALTY ISL                
event name:     201008032230A  
time shift:      5.6600
half duration:   1.5000
latitude:      -22.8100
longitude:     171.4700
depth:          31.3100
Mrr:       2.690000e+24
Mtt:      -2.880000e+24
Mpp:       1.890000e+23
Mrt:       9.810000e+23
Mrp:       1.020000e+23
Mtp:       8.530000e+23
